Array(1): 
1 
Recursive(1): 
1 

Array(2): 
1 1 
Recursive(2): 
1 1 

Array(3): 
1 1 2 
Recursive(3): 
1 1 2 

Array(4): 
1 1 2 3 
Recursive(4): 
1 1 2 3 

Array(5): 
1 1 2 3 5 
Recursive(5): 
1 1 2 3 5 

Array(6): 
1 1 2 3 5 8 
Recursive(6): 
1 1 2 3 5 8 

Array(7): 
1 1 2 3 5 8 13 
Recursive(7): 
1 1 2 3 5 8 13 

Array(8): 
1 1 2 3 5 8 13 21 
Recursive(8): 
1 1 2 3 5 8 13 21 

Array(9): 
1 1 2 3 5 8 13 21 34 
Recursive(9): 
1 1 2 3 5 8 13 21 34 

Array(10): 
1 1 2 3 5 8 13 21 34 55 
Recursive(10): 
1 1 2 3 5 8 13 21 34 55 

Array(11): 
1 1 2 3 5 8 13 21 34 55 89 
Recursive(11): 
1 1 2 3 5 8 13 21 34 55 89 

Array(12): 
1 1 2 3 5 8 13 21 34 55 89 144 
Recursive(12): 
1 1 2 3 5 8 13 21 34 55 89 144 

Array(13): 
1 1 2 3 5 8 13 21 34 55 89 144 233 
Recursive(13): 
1 1 2 3 5 8 13 21 34 55 89 144 233 

Array(14): 
1 1 2 3 5 8 13 21 34 55 89 144 233 377 
Recursive(14): 
1 1 2 3 5 8 13 21 34 55 89 144 233 377 

Array(15): 
1 1 2 3 5 8 13 21 34 55 89 144 233 377 610 
Recursive(15): 
1 1 2 3 5 8 13 21 34 55 89 144 233 377 610 

Array(16): 
1 1 2 3 5 8 13 21 34 55 89 144 233 377 610 987 
Recursive(16): 
1 1 2 3 5 8 13 21 34 55 89 144 233 377 610 987 

Array(17): 
1 1 2 3 5 8 13 21 34 55 89 144 233 377 610 987 1597 
Recursive(17): 
1 1 2 3 5 8 13 21 34 55 89 144 233 377 610 987 1597 

Array(18): 
1 1 2 3 5 8 13 21 34 55 89 144 233 377 610 987 1597 2584 
Recursive(18): 
1 1 2 3 5 8 13 21 34 55 89 144 233 377 610 987 1597 2584 

Array(19): 
1 1 2 3 5 8 13 21 34 55 89 144 233 377 610 987 1597 2584 4181 
Recursive(19): 
1 1 2 3 5 8 13 21 34 55 89 144 233 377 610 987 1597 2584 4181 

Array(20): 
1 1 2 3 5 8 13 21 34 55 89 144 233 377 610 987 1597 2584 4181 6765 
Recursive(20): 
1 1 2 3 5 8 13 21 34 55 89 144 233 377 610 987 1597 2584 4181 6765 

Array(21): 
1 1 2 3 5 8 13 21 34 55 89 144 233 377 610 987 1597 2584 4181 6765 10946 
Recursive(21): 
1 1 2 3 5 8 13 21 34 55 89 144 233 377 610 987 1597 2584 4181 6765 10946 

Array(22): 
1 1 2 3 5 8 13 21 34 55 89 144 233 377 610 987 1597 2584 4181 6765 10946 17711 
Recursive(22): 
1 1 2 3 5 8 13 21 34 55 89 144 233 377 610 987 1597 2584 4181 6765 10946 17711 

Array(23): 
1 1 2 3 5 8 13 21 34 55 89 144 233 377 610 987 1597 2584 4181 6765 10946 17711 28657 
Recursive(23): 
1 1 2 3 5 8 13 21 34 55 89 144 233 377 610 987 1597 2584 4181 6765 10946 17711 28657 

Array(24): 
1 1 2 3 5 8 13 21 34 55 89 144 233 377 610 987 1597 2584 4181 6765 10946 17711 28657 46368 
Recursive(24): 
1 1 2 3 5 8 13 21 34 55 89 144 233 377 610 987 1597 2584 4181 6765 10946 17711 28657 46368 

Array(25): 
1 1 2 3 5 8 13 21 34 55 89 144 233 377 610 987 1597 2584 4181 6765 10946 17711 28657 46368 75025 
Recursive(25): 
1 1 2 3 5 8 13 21 34 55 89 144 233 377 610 987 1597 2584 4181 6765 10946 17711 28657 46368 75025 

Array(26): 
1 1 2 3 5 8 13 21 34 55 89 144 233 377 610 987 1597 2584 4181 6765 10946 17711 28657 46368 75025 121393 
Recursive(26): 
1 1 2 3 5 8 13 21 34 55 89 144 233 377 610 987 1597 2584 4181 6765 10946 17711 28657 46368 75025 121393 

Array(27): 
1 1 2 3 5 8 13 21 34 55 89 144 233 377 610 987 1597 2584 4181 6765 10946 17711 28657 46368 75025 121393 196418 
Recursive(27): 
1 1 2 3 5 8 13 21 34 55 89 144 233 377 610 987 1597 2584 4181 6765 10946 17711 28657 46368 75025 121393 196418 

Array(28): 
1 1 2 3 5 8 13 21 34 55 89 144 233 377 610 987 1597 2584 4181 6765 10946 17711 28657 46368 75025 121393 196418 317811 
Recursive(28): 
1 1 2 3 5 8 13 21 34 55 89 144 233 377 610 987 1597 2584 4181 6765 10946 17711 28657 46368 75025 121393 196418 317811 

Array(29): 
1 1 2 3 5 8 13 21 34 55 89 144 233 377 610 987 1597 2584 4181 6765 10946 17711 28657 46368 75025 121393 196418 317811 514229 
Recursive(29): 
1 1 2 3 5 8 13 21 34 55 89 144 233 377 610 987 1597 2584 4181 6765 10946 17711 28657 46368 75025 121393 196418 317811 514229 

Array(30): 
1 1 2 3 5 8 13 21 34 55 89 144 233 377 610 987 1597 2584 4181 6765 10946 17711 28657 46368 75025 121393 196418 317811 514229 832040 
Recursive(30): 
1 1 2 3 5 8 13 21 34 55 89 144 233 377 610 987 1597 2584 4181 6765 10946 17711 28657 46368 75025 121393 196418 317811 514229 832040 

Array(31): 
1 1 2 3 5 8 13 21 34 55 89 144 233 377 610 987 1597 2584 4181 6765 10946 17711 28657 46368 75025 121393 196418 317811 514229 832040 1346269 
Recursive(31): 
1 1 2 3 5 8 13 21 34 55 89 144 233 377 610 987 1597 2584 4181 6765 10946 17711 28657 46368 75025 121393 196418 317811 514229 832040 1346269 

Array(32): 
1 1 2 3 5 8 13 21 34 55 89 144 233 377 610 987 1597 2584 4181 6765 10946 17711 28657 46368 75025 121393 196418 317811 514229 832040 1346269 2178309 
Recursive(32): 
1 1 2 3 5 8 13 21 34 55 89 144 233 377 610 987 1597 2584 4181 6765 10946 17711 28657 46368 75025 121393 196418 317811 514229 832040 1346269 2178309 

Array(33): 
1 1 2 3 5 8 13 21 34 55 89 144 233 377 610 987 1597 2584 4181 6765 10946 17711 28657 46368 75025 121393 196418 317811 514229 832040 1346269 2178309 3524578 
Recursive(33): 
1 1 2 3 5 8 13 21 34 55 89 144 233 377 610 987 1597 2584 4181 6765 10946 17711 28657 46368 75025 121393 196418 317811 514229 832040 1346269 2178309 3524578 

Array(34): 
1 1 2 3 5 8 13 21 34 55 89 144 233 377 610 987 1597 2584 4181 6765 10946 17711 28657 46368 75025 121393 196418 317811 514229 832040 1346269 2178309 3524578 5702887 
Recursive(34): 
1 1 2 3 5 8 13 21 34 55 89 144 233 377 610 987 1597 2584 4181 6765 10946 17711 28657 46368 75025 121393 196418 317811 514229 832040 1346269 2178309 3524578 5702887 

Array(35): 
1 1 2 3 5 8 13 21 34 55 89 144 233 377 610 987 1597 2584 4181 6765 10946 17711 28657 46368 75025 121393 196418 317811 514229 832040 1346269 2178309 3524578 5702887 9227465 
Recursive(35): 
1 1 2 3 5 8 13 21 34 55 89 144 233 377 610 987 1597 2584 4181 6765 10946 17711 28657 46368 75025 121393 196418 317811 514229 832040 1346269 2178309 3524578 5702887 9227465 

Array(36): 
1 1 2 3 5 8 13 21 34 55 89 144 233 377 610 987 1597 2584 4181 6765 10946 17711 28657 46368 75025 121393 196418 317811 514229 832040 1346269 2178309 3524578 5702887 9227465 14930352 
Recursive(36): 
1 1 2 3 5 8 13 21 34 55 89 144 233 377 610 987 1597 2584 4181 6765 10946 17711 28657 46368 75025 121393 196418 317811 514229 832040 1346269 2178309 3524578 5702887 9227465 14930352 

Array(37): 
1 1 2 3 5 8 13 21 34 55 89 144 233 377 610 987 1597 2584 4181 6765 10946 17711 28657 46368 75025 121393 196418 317811 514229 832040 1346269 2178309 3524578 5702887 9227465 14930352 24157817 
Recursive(37): 
1 1 2 3 5 8 13 21 34 55 89 144 233 377 610 987 1597 2584 4181 6765 10946 17711 28657 46368 75025 121393 196418 317811 514229 832040 1346269 2178309 3524578 5702887 9227465 14930352 24157817 

Array(38): 
1 1 2 3 5 8 13 21 34 55 89 144 233 377 610 987 1597 2584 4181 6765 10946 17711 28657 46368 75025 121393 196418 317811 514229 832040 1346269 2178309 3524578 5702887 9227465 14930352 24157817 39088169 
Recursive(38): 
1 1 2 3 5 8 13 21 34 55 89 144 233 377 610 987 1597 2584 4181 6765 10946 17711 28657 46368 75025 121393 196418 317811 514229 832040 1346269 2178309 3524578 5702887 9227465 14930352 24157817 39088169 

Array(39): 
1 1 2 3 5 8 13 21 34 55 89 144 233 377 610 987 1597 2584 4181 6765 10946 17711 28657 46368 75025 121393 196418 317811 514229 832040 1346269 2178309 3524578 5702887 9227465 14930352 24157817 39088169 63245986 
Recursive(39): 
1 1 2 3 5 8 13 21 34 55 89 144 233 377 610 987 1597 2584 4181 6765 10946 17711 28657 46368 75025 121393 196418 317811 514229 832040 1346269 2178309 3524578 5702887 9227465 14930352 24157817 39088169 63245986 

Array(40): 
1 1 2 3 5 8 13 21 34 55 89 144 233 377 610 987 1597 2584 4181 6765 10946 17711 28657 46368 75025 121393 196418 317811 514229 832040 1346269 2178309 3524578 5702887 9227465 14930352 24157817 39088169 63245986 102334155 
Recursive(40): 
1 1 2 3 5 8 13 21 34 55 89 144 233 377 610 987 1597 2584 4181 6765 10946 17711 28657 46368 75025 121393 196418 317811 514229 832040 1346269 2178309 3524578 5702887 9227465 14930352 24157817 39088169 63245986 102334155 

